7 0.025 0.6130952380952381 0 0.6154761904761905 0.003125 0.6547619047619048 0.05 0.6583333333333333 0.1109375 0.6511904761904762 0.1375 0.6607142857142857 0.1390625 0.6678571428571428 0.153125 0.655952380952381 0.2 0.6523809523809524 0.23125 0.6523809523809524 0.2359375 0.6571428571428571 0.43125 0.6619047619047619 0.425 0.6345238095238095 0.43125 0.6178571428571429 0.4234375 0.6142857142857143 0.3828125 0.6178571428571429 0.371875 0.6142857142857143
7 0.4328125 0.7654761904761904 0.43125 0.7833333333333333 0.4390625 0.794047619047619 0.5171875 0.794047619047619 0.525 0.7928571428571428 0.5328125 0.7797619047619048 0.528125 0.7607142857142857 0.521875 0.7571428571428571 0.44375 0.7583333333333333
4 0.459375 0.6642857142857143 0.4578125 0.6821428571428572 0.4671875 0.6928571428571428 0.4921875 0.6952380952380952 0.503125 0.6904761904761905 0.5078125 0.6678571428571428 0.496875 0.6571428571428571 0.4734375 0.655952380952381
4 0.646875 0.6642857142857143 0.6453125 0.6833333333333333 0.6546875 0.6928571428571428 0.68125 0.6952380952380952 0.69375 0.6869047619047619 0.6953125 0.6654761904761904 0.6828125 0.6571428571428571 0.6578125 0.6571428571428571
4 0.7421875 0.7166666666666667 0.7390625 0.736904761904762 0.74375 0.7440476190476191 0.7703125 0.7488095238095238 0.7875 0.7416666666666667 0.790625 0.7238095238095238 0.7796875 0.7119047619047619 0.753125 0.7107142857142857
4 0.834375 0.7202380952380952 0.834375 0.7392857142857143 0.84375 0.7464285714285714 0.8703125 0.7476190476190476 0.88125 0.7404761904761905 0.8828125 0.7202380952380952 0.8703125 0.7107142857142857 0.8453125 0.7107142857142857
4 0.9265625 0.5238095238095238 0.9265625 0.5416666666666666 0.9375 0.5511904761904762 0.9640625 0.5523809523809524 0.9765625 0.544047619047619 0.9765625 0.5226190476190476 0.9640625 0.5142857142857142 0.94375 0.513095238095238
7 0.621875 0.6952380952380952 0.61875 0.7214285714285714 0.625 0.7309523809523809 0.6796875 0.7678571428571429 0.6875 0.7785714285714286 0.7171875 0.7904761904761904 0.7078125 0.7714285714285715 0.71875 0.7607142857142857 0.6296875 0.6928571428571428
7 0.6296875 0.6952380952380952 0.628125 0.7023809523809523 0.6359375 0.7107142857142857 0.621875 0.725 0.7109375 0.7928571428571428 0.8796875 0.7964285714285714 0.896875 0.794047619047619 0.90625 0.780952380952381 0.896875 0.7583333333333333 0.859375 0.7595238095238095 0.8421875 0.7547619047619047 0.825 0.7595238095238095 0.73125 0.7583333333333333 0.7046875 0.7511904761904762 0.6703125 0.7226190476190476 0.653125 0.719047619047619
7 0.528125 0.6154761904761905 0.5296875 0.6571428571428571 0.5484375 0.6547619047619048 0.5671875 0.6630952380952381 0.5703125 0.6785714285714286 0.578125 0.6571428571428571 0.5984375 0.6535714285714286 0.6015625 0.6761904761904762 0.6125 0.6869047619047619 0.61875 0.6845238095238095 0.61875 0.6166666666666667 0.5890625 0.6130952380952381 0.578125 0.6178571428571429 0.55625 0.611904761904762
7 0.90625 0.6095238095238096 0.9046875 0.6452380952380953 0.9984375 0.5821428571428572 0.9984375 0.544047619047619 0.9859375 0.5488095238095239
5 0.5140625 0.6857142857142857 0.5234375 0.6952380952380952 0.54375 0.7 0.55625 0.6976190476190476 0.5609375 0.694047619047619 0.5671875 0.6833333333333333 0.5765625 0.6857142857142857 0.5796875 0.7154761904761905 0.5671875 0.7380952380952381 0.521875 0.7392857142857143 0.5171875 0.7357142857142858 0.50625 0.7119047619047619 0.5078125 0.6880952380952381 0.5125 0.6869047619047619