7 0.003125 0.6142857142857143 0 0.6511904761904762 0.0765625 0.6511904761904762 0.0828125 0.6476190476190476 0.1 0.6511904761904762 0.1671875 0.65 0.175 0.6452380952380953 0.1890625 0.6452380952380953 0.2234375 0.6571428571428571 0.2265625 0.6511904761904762 0.2265625 0.6178571428571429 0.215625 0.6130952380952381 0.1875 0.6166666666666667 0.115625 0.611904761904762
7 0.2296875 0.7619047619047619 0.2296875 0.794047619047619 0.3203125 0.794047619047619 0.3203125 0.7619047619047619
7 0.3234375 0.6166666666666667 0.328125 0.6357142857142857 0.3234375 0.6440476190476191 0.33125 0.65 0.325 0.6547619047619048 0.4140625 0.65 0.409375 0.6297619047619047 0.415625 0.6190476190476191 0.409375 0.6142857142857143 0.334375 0.6130952380952381
7 0.4140625 0.6916666666666667 0.4140625 0.7285714285714285 0.453125 0.7535714285714286 0.5015625 0.7964285714285714 0.5421875 0.7928571428571428 0.6515625 0.7952380952380952 0.6953125 0.7904761904761904 0.6953125 0.7619047619047619 0.690625 0.7583333333333333 0.5203125 0.7571428571428571 0.501953125 0.750297619047619 0.425 0.6916666666666667
4 0.4671875 0.6571428571428571 0.4625 0.6607142857142857 0.4625 0.6892857142857143 0.471875 0.6952380952380952 0.48125 0.6857142857142857 0.4796875 0.6619047619047619
4 0.5578125 0.7130952380952381 0.55625 0.7440476190476191 0.565625 0.7488095238095238 0.5734375 0.7440476190476191 0.5734375 0.7154761904761905 0.5671875 0.7107142857142857
4 0.6515625 0.7130952380952381 0.65 0.7428571428571429 0.6625 0.7476190476190476 0.6671875 0.7428571428571429 0.6671875 0.7154761904761905 0.6609375 0.7107142857142857
4 0.746875 0.5154761904761904 0.74375 0.5476190476190477 0.7546875 0.5535714285714286 0.7609375 0.5488095238095239 0.7609375 0.5178571428571429
3 0.8984375 0.24285714285714285 0.8984375 0.25357142857142856 0.9109375 0.2619047619047619 0.95625 0.2511904761904762 0.965625 0.24285714285714285 0.965625 0.23333333333333334 0.9546875 0.225 0.965625 0.2130952380952381 0.9625 0.20238095238095238 0.95 0.1976190476190476 0.928125 0.1988095238095238 0.9203125 0.20476190476190476 0.9125 0.23095238095238096
7 0.6984375 0.611904761904762 0.7 0.6511904761904762 0.7015625 0.6452380952380953 0.7390625 0.6226190476190476 0.784375 0.5833333333333334 0.8796875 0.580952380952381 0.8828125 0.5488095238095239 0.865625 0.5428571428571428 0.8421875 0.5476190476190477 0.828125 0.544047619047619 0.7859375 0.5464285714285714
7 0.871875 0.2571428571428571 0.8734375 0.2726190476190476 0.8875 0.29523809523809524 0.975 0.29404761904761906 0.990625 0.2642857142857143 0.9890625 0.25476190476190474 0.96875 0.25 0.9359375 0.25357142857142856 0.921875 0.26071428571428573 0.9109375 0.26071428571428573 0.896875 0.2523809523809524