7 0.0046875 0.6130952380952381 0 0.6154761904761905 0.003125 0.6523809523809524 0.19921875 0.65 0.2375 0.6654761904761904 0.2859375 0.705952380952381 0.303125 0.7130952380952381 0.3171875 0.7297619047619047 0.4140625 0.7261904761904762 0.453125 0.7595238095238095 0.471875 0.7690476190476191 0.4734375 0.7761904761904762 0.4984375 0.7892857142857143 0.496875 0.7678571428571429 0.503125 0.7654761904761904 0.4984375 0.7523809523809524 0.428125 0.7 0.4203125 0.7023809523809523 0.415625 0.6928571428571428 0.4 0.6857142857142857 0.3671875 0.6904761904761905 0.3125 0.6833333333333333 0.2234375 0.6178571428571429 0.1890625 0.6154761904761905 0.1734375 0.6214285714285714 0.1671875 0.6166666666666667 0.14375 0.6142857142857143
7 0.4140625 0.7023809523809523 0.4203125 0.7238095238095238 0.4578125 0.7452380952380953 0.453125 0.7547619047619047 0.4625 0.763095238095238 0.496875 0.7619047619047619 0.4953125 0.7523809523809524 0.4484375 0.7202380952380952 0.4453125 0.7130952380952381
7 0.5796875 0.7607142857142857 0.58125 0.7678571428571429 0.5984375 0.7738095238095238 0.5984375 0.7857142857142857 0.615625 0.7761904761904762 0.6171875 0.7690476190476191 0.6265625 0.7690476190476191 0.628125 0.763095238095238 0.640625 0.7595238095238095 0.6953125 0.7226190476190476 0.746875 0.719047619047619 0.759375 0.7238095238095238 0.7796875 0.7226190476190476 0.784375 0.6916666666666667 0.778125 0.6857142857142857 0.75625 0.6857142857142857 0.74375 0.6916666666666667 0.7234375 0.6857142857142857 0.69375 0.6869047619047619 0.6140625 0.7440476190476191
7 0.203125 0.6142857142857143 0.1734375 0.6178571428571429 0.1578125 0.6142857142857143 0 0.6142857142857143 0 0.6523809523809524 0.209375 0.6523809523809524 0.2453125 0.669047619047619 0.309375 0.719047619047619 0.321875 0.719047619047619 0.3390625 0.7095238095238096 0.334375 0.6976190476190476 0.3390625 0.6952380952380952 0.3296875 0.6845238095238095 0.303125 0.6761904761904762 0.228125 0.6190476190476191
4 0.821875 0.5011904761904762 0.821875 0.5321428571428571 0.84375 0.5345238095238095 0.8484375 0.530952380952381 0.8484375 0.5011904761904762 0.8421875 0.49523809523809526 0.828125 0.49523809523809526
4 0.5359375 0.6511904761904762 0.5359375 0.6738095238095239 0.5484375 0.6821428571428572 0.559375 0.6821428571428572 0.571875 0.6714285714285714 0.5703125 0.6511904761904762 0.559375 0.6428571428571429 0.5484375 0.6428571428571429
4 0.634375 0.6607142857142857 0.634375 0.6904761904761905 0.640625 0.6952380952380952 0.653125 0.6952380952380952 0.6609375 0.6892857142857143 0.6609375 0.6607142857142857 0.6515625 0.655952380952381 0.6390625 0.655952380952381
4 0.440625 0.4666666666666667 0.4453125 0.49047619047619045 0.4671875 0.49523809523809526 0.478125 0.4845238095238095 0.475 0.4642857142857143 0.465625 0.45714285714285713 0.4546875 0.45714285714285713
7 0.88125 0.6880952380952381 0.8796875 0.7119047619047619 0.896875 0.7202380952380952 0.9265625 0.7142857142857143 0.9453125 0.719047619047619 0.9671875 0.7202380952380952 0.9765625 0.7154761904761905 0.9984375 0.719047619047619 0.9953125 0.6857142857142857
7 0.7875 0.5464285714285714 0.7875 0.5535714285714286 0.8078125 0.5535714285714286 0.821875 0.5464285714285714
7 0.8484375 0.5452380952380952 0.846875 0.5535714285714286 0.853125 0.5547619047619048 0.8734375 0.5535714285714286 0.8765625 0.5488095238095239 0.86875 0.544047619047619
7 0.7875 0.5702380952380952 0.7859375 0.5797619047619048 0.7953125 0.5821428571428572 0.8765625 0.5785714285714286 0.8734375 0.569047619047619
5 0.5453125 0.719047619047619 0.55625 0.7261904761904762 0.5734375 0.7238095238095238 0.578125 0.7273809523809524 0.5796875 0.7547619047619047 0.56875 0.7797619047619048 0.515625 0.7773809523809524 0.5140625 0.775 0.50625 0.7523809523809524 0.5078125 0.7273809523809524 0.5390625 0.7166666666666667 0.54375 0.719047619047619