7 0.2921875 0.7380952380952381 0.2921875 0.7476190476190476 0.3046875 0.7392857142857143 0.33125 0.7380952380952381 0.3765625 0.7202380952380952 0.446875 0.7214285714285714 0.4578125 0.7107142857142857 0.4578125 0.7035714285714286 0.4484375 0.6880952380952381 0.4375 0.6845238095238095 0.4046875 0.6892857142857143 0.3640625 0.6880952380952381 0.3375 0.7023809523809523
7 0.553125 0.6892857142857143 0.5515625 0.6952380952380952 0.5609375 0.7035714285714286 0.578125 0.7023809523809523 0.59375 0.7107142857142857 0.5890625 0.7178571428571429 0.5953125 0.7214285714285714 0.73125 0.7202380952380952 0.73125 0.6880952380952381 0.7234375 0.6857142857142857
7 0.059375 0.6845238095238095 0 0.6857142857142857 0 0.7202380952380952 0.025 0.7238095238095238 0.0609375 0.719047619047619 0.0796875 0.7226190476190476 0.115625 0.7476190476190476 0.1640625 0.7916666666666666 0.19375 0.7880952380952381 0.2203125 0.7928571428571428 0.2484375 0.7880952380952381 0.2703125 0.7904761904761904 0.3109375 0.7583333333333333 0.2765625 0.7488095238095238 0.2609375 0.7583333333333333 0.1859375 0.7642857142857142 0.16875 0.7559523809523809 0.0828125 0.6892857142857143
7 0.509375 0.5464285714285714 0.509375 0.5547619047619048 0.5390625 0.5535714285714286 0.54375 0.5476190476190477
7 0.45625 0.5452380952380952 0.45625 0.5547619047619048 0.4890625 0.5535714285714286 0.4875 0.5452380952380952
7 0.49375 0.5464285714285714 0.4921875 0.5535714285714286 0.5015625 0.5547619047619048 0.5015625 0.5464285714285714
4 0.4953125 0.5 0.49375 0.5285714285714286 0.5015625 0.5345238095238095 0.5171875 0.5345238095238095 0.521875 0.5297619047619048 0.521875 0.5011904761904762 0.5140625 0.49523809523809526
4 0.9640625 0.5892857142857143 0.9640625 0.6202380952380953 0.9859375 0.6238095238095238 0.9921875 0.6166666666666667 0.990625 0.5892857142857143 0.9796875 0.5845238095238096
7 0.4546875 0.5702380952380952 0.45625 0.580952380952381 0.540625 0.580952380952381 0.5453125 0.5773809523809523 0.540625 0.569047619047619 0.521875 0.5666666666666667
7 0.8296875 0.6880952380952381 0.8359375 0.705952380952381 0.83125 0.7202380952380952 0.8546875 0.7202380952380952 0.8703125 0.7142857142857143 0.8953125 0.7202380952380952 0.9234375 0.7202380952380952 0.9984375 0.6738095238095239 0.9984375 0.6273809523809524 0.93046875 0.6779761904761905 0.88125 0.6880952380952381 0.8625 0.6845238095238095
3 0.7453125 0.8130952380952381 0.7453125 0.8238095238095238 0.7640625 0.8333333333333334 0.80625 0.8226190476190476 0.8171875 0.8071428571428572 0.8109375 0.7726190476190476 0.8 0.7678571428571429 0.775 0.7714285714285715
7 0.7359375 0.8345238095238096 0.7375 0.8654761904761905 0.8234375 0.8678571428571429 0.828125 0.8630952380952381 0.825 0.830952380952381 0.8 0.830952380952381 0.79375 0.8369047619047619 0.7671875 0.844047619047619 0.74375 0.830952380952381