7 0.015625 0.6869047619047619 0 0.6892857142857143 0 0.7214285714285714 0.0046875 0.7238095238095238 0.0328125 0.7226190476190476 0.053125 0.7154761904761905 0.059375 0.7226190476190476 0.0734375 0.7238095238095238 0.0953125 0.7202380952380952 0.2 0.7238095238095238 0.21875 0.719047619047619 0.303125 0.7226190476190476 0.3234375 0.719047619047619 0.3234375 0.694047619047619 0.3171875 0.6869047619047619
7 0.4203125 0.6928571428571428 0.4203125 0.7178571428571429 0.434375 0.7226190476190476 0.6046875 0.7202380952380952 0.603125 0.6880952380952381 0.425 0.6869047619047619
4 0.3640625 0.3547619047619048 0.3625 0.3869047619047619 0.378125 0.40476190476190477 0.3890625 0.3869047619047619 0.3890625 0.35833333333333334 0.3828125 0.3523809523809524
3 0.9015625 0.525 0.8984375 0.5369047619047619 0.9125 0.5476190476190477 0.928125 0.5476190476190477 0.9390625 0.5404761904761904 0.959375 0.5380952380952381 0.9703125 0.5261904761904762 0.9640625 0.5119047619047619 0.9703125 0.4988095238095238 0.965625 0.4869047619047619 0.953125 0.4797619047619048 0.9296875 0.48214285714285715 0.9203125 0.49166666666666664 0.9125 0.5166666666666667
4 0.6484375 0.7821428571428571 0.64375 0.7857142857142857 0.64375 0.8142857142857143 0.6609375 0.8202380952380952 0.6703125 0.8130952380952381 0.6703125 0.7904761904761904 0.6640625 0.7821428571428571
5 0.5078125 0.9071428571428571 0.50625 0.9297619047619048 0.51875 0.9547619047619048 0.5390625 0.9595238095238096 0.5640625 0.955952380952381 0.58125 0.9273809523809524 0.578125 0.905952380952381 0.559375 0.8964285714285715 0.515625 0.9
7 0.6109375 0.8285714285714286 0.609375 0.8630952380952381 0.6265625 0.8666666666666667 0.6984375 0.8630952380952381 0.7 0.8297619047619048
7 0.8875 0.5464285714285714 0.8890625 0.5833333333333334 0.9734375 0.5821428571428572 0.98125 0.5773809523809523 0.98125 0.544047619047619 0.9765625 0.5416666666666666 0.9375 0.5428571428571428 0.9265625 0.5488095238095239 0.9046875 0.5428571428571428
7 0.70625 0.6869047619047619 0.7015625 0.6928571428571428 0.7078125 0.6988095238095238 0.7546875 0.6928571428571428 0.74375 0.6869047619047619
7 0.7140625 0.6869047619047619 0.7015625 0.6880952380952381 0.709375 0.7202380952380952 0.86875 0.7226190476190476 0.8875 0.7130952380952381 0.8875 0.6880952380952381 0.8828125 0.6857142857142857
7 0.3265625 0.3976190476190476 0.3109375 0.4083333333333333 0.3265625 0.41785714285714287 0.328125 0.4392857142857143 0.41875 0.4357142857142857 0.4203125 0.39880952380952384 0.390625 0.3904761904761905 0.3578125 0.3904761904761905