7 0.120125 0.6302142857142857 0.240234375 0.052083333333333336
7 0.368171875 0.6339285714285714 0.111328125 0.05654761904761905
7 0.282234375 0.7775357142857143 0.119140625 0.05803571428571429
7 0.415625 0.6916666666666667 0.4203125 0.7321428571428571 0.50625 0.7976190476190477 0.5265625 0.7964285714285714 0.546875 0.8035714285714286 0.5765625 0.7952380952380952 0.6015625 0.8 0.615625 0.7952380952380952 0.6359375 0.7976190476190477 0.6796875 0.7928571428571428 0.7140625 0.8047619047619048 0.7375 0.8297619047619048 0.778125 0.8607142857142858 0.7890625 0.8630952380952381 0.7921875 0.8702380952380953 0.821875 0.8642857142857143 0.8765625 0.8678571428571429 0.8890625 0.8642857142857143 0.9546875 0.8119047619047619 0.9765625 0.8 0.978125 0.7619047619047619 0.971875 0.7607142857142857 0.8828125 0.8297619047619048 0.8484375 0.8333333333333334 0.83125 0.8464285714285714 0.809375 0.8464285714285714 0.80625 0.8333333333333334 0.78125 0.8202380952380952 0.7046875 0.7619047619047619 0.690625 0.7571428571428571 0.6703125 0.7583333333333333 0.6578125 0.75 0.6515625 0.7559523809523809 0.6140625 0.7571428571428571 0.4890625 0.7404761904761905 0.425 0.6916666666666667
5 0.5140625 0.9821428571428571 0.5109375 0.9940476190476191 0.5171875 0.9952380952380953 0.5828125 0.9952380952380953 0.5984375 0.9904761904761905 0.584375 0.9761904761904762 0.5421875 0.9619047619047619 0.5265625 0.9678571428571429
4 0.459375 0.655952380952381 0.4515625 0.6619047619047619 0.4515625 0.6904761904761905 0.4734375 0.6952380952380952 0.4796875 0.6869047619047619 0.4796875 0.6630952380952381 0.4734375 0.6571428571428571
4 0.546875 0.7142857142857143 0.5453125 0.7416666666666667 0.553125 0.7476190476190476 0.5671875 0.7476190476190476 0.571875 0.7440476190476191 0.571875 0.7142857142857143 0.5625 0.7095238095238096
4 0.640625 0.7130952380952381 0.640625 0.7440476190476191 0.6609375 0.7476190476190476 0.665625 0.7440476190476191 0.665625 0.7154761904761905 0.6609375 0.7107142857142857
4 0.734375 0.7309523809523809 0.7328125 0.7607142857142857 0.7421875 0.7666666666666667 0.75625 0.7654761904761904 0.7609375 0.7619047619047619 0.7609375 0.7333333333333333 0.753125 0.7273809523809524
3 0.7953125 0.7666666666666667 0.7953125 0.7845238095238095 0.7828125 0.8095238095238095 0.7953125 0.8380952380952381 0.8203125 0.8428571428571429 0.86875 0.8357142857142857 0.8796875 0.825 0.875 0.7678571428571429 0.86875 0.7547619047619047 0.85625 0.7488095238095238 0.825 0.7476190476190476 0.803125 0.7547619047619047
4 0.9203125 0.7333333333333333 0.921875 0.763095238095238 0.94375 0.7654761904761904 0.9484375 0.7619047619047619 0.946875 0.7309523809523809 0.93125 0.7273809523809524