7 0.12109375 0.6294642857142857 0.2421875 0.0625
7 0.365234375 0.6272380952380953 0.109375 0.049107142857142856
7 0.278328125 0.34523809523809523 0.107421875 0.047619047619047616
5 0.5328125 0.9321428571428572 0.53125 0.9571428571428572 0.5765625 0.9773809523809524 0.609375 0.9619047619047619 0.61875 0.9428571428571428 0.61875 0.9333333333333333 0.609375 0.9238095238095239 0.5640625 0.9071428571428571 0.540625 0.919047619047619
4 0.2703125 0.2869047619047619 0.2703125 0.31547619047619047 0.2828125 0.319047619047619 0.2859375 0.2857142857142857 0.2765625 0.28214285714285714
4 0.4578125 0.6607142857142857 0.45625 0.6880952380952381 0.465625 0.6952380952380952 0.475 0.6880952380952381 0.475 0.6666666666666666 0.465625 0.655952380952381
4 0.553125 0.7130952380952381 0.5515625 0.7440476190476191 0.5640625 0.7476190476190476 0.56875 0.7428571428571429 0.56875 0.7166666666666667 0.5625 0.7107142857142857
4 0.6453125 0.7154761904761905 0.64375 0.7416666666666667 0.6484375 0.7476190476190476 0.6578125 0.7476190476190476 0.6625 0.7404761904761905 0.6609375 0.7142857142857143 0.653125 0.7095238095238096
4 0.7390625 0.6607142857142857 0.7375 0.6892857142857143 0.7515625 0.694047619047619 0.75625 0.6642857142857143 0.75 0.6571428571428571
4 0.9265625 0.7142857142857143 0.9265625 0.7452380952380953 0.9359375 0.7488095238095238 0.94375 0.7440476190476191 0.94375 0.7154761904761905 0.9375 0.7107142857142857
3 0.84375 0.6696428571428571 0.08984375 0.08333333333333333
7 0.434375 0.6785714285714286 0.459375 0.6869047619047619 0.4890625 0.7107142857142857 0.525 0.7321428571428571 0.5421875 0.7452380952380953 0.5625 0.75 0.6421875 0.75 0.6703125 0.7488095238095238 0.6875 0.7452380952380953 0.71875 0.7226190476190476 0.7296875 0.7107142857142857 0.7484375 0.6964285714285714 0.7734375 0.6869047619047619 0.803125 0.6869047619047619 0.8109375 0.6892857142857143 0.8359375 0.7071428571428572 0.871875 0.7261904761904762 0.9 0.7392857142857143 0.925 0.7464285714285714 0.95 0.7476190476190476 0.975 0.7345238095238096 0.996875 0.7321428571428571 0.9984375 0.7928571428571428 0.9765625 0.8023809523809524 0.921875 0.8035714285714286 0.8875 0.7976190476190477 0.8546875 0.7857142857142857 0.7859375 0.75 0.778125 0.7583333333333333 0.740625 0.7869047619047619 0.7296875 0.7928571428571428 0.6921875 0.8035714285714286 0.6546875 0.805952380952381 0.5515625 0.805952380952381 0.51875 0.8 0.496875 0.7916666666666666 0.475 0.775 0.4359375 0.7511904761904762 0.3984375 0.7226190476190476 0.3953125 0.7178571428571429 0.39375 0.6988095238095238 0.4015625 0.6880952380952381 0.4140625 0.680952380952381 0.4328125 0.6785714285714286