4 0.6640625 0.2130952380952381 0.659375 0.21666666666666667 0.659375 0.24166666666666667 0.6671875 0.24761904761904763 0.68125 0.24761904761904763 0.6859375 0.21666666666666667 0.678125 0.21071428571428572
4 0.753125 0.2154761904761905 0.7515625 0.24166666666666667 0.75625 0.24761904761904763 0.771875 0.2488095238095238 0.7796875 0.24047619047619048 0.7796875 0.21666666666666667 0.7734375 0.21071428571428572
4 0.846875 0.2154761904761905 0.846875 0.24285714285714285 0.865625 0.2488095238095238 0.8734375 0.24166666666666667 0.8734375 0.2154761904761905 0.8671875 0.21071428571428572
4 0.940625 0.2154761904761905 0.9421875 0.24523809523809523 0.959375 0.2488095238095238 0.9671875 0.24166666666666667 0.9671875 0.21666666666666667 0.959375 0.21071428571428572
2 0.4578125 0.49166666666666664 0.45625 0.5083333333333333 0.4625 0.5214285714285715 0.4765625 0.5333333333333333 0.4921875 0.5380952380952381 0.521875 0.5369047619047619 0.540625 0.5261904761904762 0.55 0.513095238095238 0.5515625 0.49642857142857144 0.54375 0.4797619047619048 0.51875 0.4666666666666667 0.4875 0.46785714285714286 0.465625 0.4797619047619048
2 0.621875 0.5464285714285714 0.6203125 0.5738095238095238 0.640625 0.594047619047619 0.6828125 0.5964285714285714 0.7109375 0.575 0.7125 0.55 0.703125 0.5369047619047619 0.6875 0.5285714285714286 0.646875 0.5285714285714286 0.634375 0.5333333333333333
2 0.890625 0.6011904761904762 0.8890625 0.6214285714285714 0.8984375 0.6333333333333333 0.921875 0.6404761904761904 0.9515625 0.6297619047619047 0.959375 0.6071428571428571 0.9453125 0.5892857142857143 0.91875 0.5857142857142857 0.9 0.5904761904761905
2 0.1953125 0.5238095238095238 0.19375 0.5369047619047619 0.203125 0.5476190476190477 0.225 0.55 0.2375 0.5416666666666666 0.240625 0.5285714285714286 0.2296875 0.5166666666666667 0.2109375 0.5142857142857142
2 0.2609375 0.6 0.2578125 0.6166666666666667 0.265625 0.6261904761904762 0.2875 0.6297619047619047 0.3015625 0.6226190476190476 0.3046875 0.6047619047619047 0.3 0.5976190476190476 0.2734375 0.5928571428571429
7 0.806640625 0.27529761904761907 0.38671875 0.05654761904761905
7 0.14375 0.5357142857142857 0.159375 0.5404761904761904 0.1703125 0.5488095238095239 0.175 0.5571428571428572 0.1734375 0.5738095238095238 0.16875 0.580952380952381 0.1609375 0.5869047619047619 0.146875 0.5916666666666667 0.084375 0.5928571428571429 0.034375 0.6214285714285714 0.01875 0.6273809523809524 0 0.6261904761904762 0 0.569047619047619 0.00625 0.5642857142857143 0.0453125 0.544047619047619 0.0640625 0.5380952380952381 0.078125 0.5357142857142857 0.1421875 0.5357142857142857
5 0.56875 0.5845238095238096 0.5765625 0.5869047619047619 0.5796875 0.6142857142857143 0.565625 0.6345238095238095 0.521875 0.6357142857142857 0.515625 0.6309523809523809 0.5078125 0.6142857142857143 0.5109375 0.5880952380952381 0.5203125 0.6011904761904762 0.553125 0.6035714285714285 0.56875 0.5916666666666667 0.56875 0.5857142857142857
7 0.49375 0.5988095238095238 0.49375 0.6083333333333333 0.503125 0.6261904761904762 0.51875 0.6369047619047619 0.5421875 0.6452380952380953 0.5578125 0.6452380952380953 0.5671875 0.6428571428571429 0.5859375 0.6297619047619047 0.5921875 0.6190476190476191 0.5921875 0.6 0.6125 0.6011904761904762 0.628125 0.6095238095238096 0.6359375 0.6214285714285714 0.6359375 0.6345238095238095 0.628125 0.6464285714285715 0.61875 0.6523809523809524 0.60625 0.655952380952381 0.540625 0.655952380952381 0.5 0.6535714285714286 0.45 0.655952380952381 0.4390625 0.6619047619047619 0.378125 0.7083333333333334 0.3609375 0.7166666666666667 0.3484375 0.7261904761904762 0.3203125 0.7357142857142858 0.2765625 0.7357142857142858 0.26875 0.7321428571428571 0.2546875 0.7309523809523809 0.2328125 0.725 0.1921875 0.7071428571428572 0.1265625 0.6523809523809524 0.1234375 0.6452380952380953 0.1234375 0.6345238095238095 0.1296875 0.6238095238095238 0.1390625 0.6166666666666667 0.153125 0.611904761904762 0.175 0.6130952380952381 0.1859375 0.6178571428571429 0.2453125 0.6654761904761904 0.2546875 0.6678571428571428 0.265625 0.6738095238095239 0.3 0.680952380952381 0.340625 0.6571428571428571 0.3859375 0.6214285714285714 0.4140625 0.6047619047619047 0.428125 0.6 0.440625 0.5988095238095238 0.4921875 0.5988095238095238