6 0.236328125 0.055809523809523816 0.09765625 0.046130952380952384
3 0.916015625 0.36979761904761904 0.08203125 0.07291666666666667
7 0.15723437499999998 0.6294642857142857 0.314453125 0.05357142857142857
7 0.49121875 0.4159285714285714 0.388671875 0.052083333333333336
7 0.778328125 0.6309523809523809 0.201171875 0.044642857142857144
7 0.916015625 0.41964285714285715 0.10546875 0.044642857142857144
7 0.98046875 0.6309523809523809 0.0390625 0.050595238095238096
4 0.3484375 0.35714285714285715 0.35 0.3892857142857143 0.3609375 0.39285714285714285 0.3734375 0.3904761904761905 0.375 0.35714285714285715 0.36875 0.3523809523809524 0.3546875 0.3523809523809524
4 0.44375 0.35595238095238096 0.4421875 0.38571428571428573 0.4484375 0.39166666666666666 0.4640625 0.39166666666666666 0.4703125 0.38571428571428573 0.4703125 0.3595238095238095 0.4625 0.3523809523809524
4 0.5359375 0.35833333333333334 0.5359375 0.3869047619047619 0.5421875 0.39166666666666666 0.5609375 0.3904761904761905 0.5625 0.35714285714285715 0.55625 0.3523809523809524 0.5421875 0.3523809523809524
4 0.6296875 0.35833333333333334 0.6296875 0.3869047619047619 0.6359375 0.39166666666666666 0.653125 0.39166666666666666 0.6578125 0.3869047619047619 0.65625 0.35714285714285715 0.6390625 0.3523809523809524
5 0.50625 0.8476190476190476 0.50625 0.8714285714285714 0.5171875 0.8976190476190476 0.5671875 0.8988095238095238 0.58125 0.8738095238095238 0.58125 0.8476190476190476 0.5609375 0.8345238095238096 0.565625 0.8023809523809524 0.54375 0.7916666666666666 0.521875 0.8011904761904762 0.515625 0.8166666666666667 0.5234375 0.8345238095238096