1 0.9369973190348525 0.21375921375921375 0.9369973190348525 0.2285012285012285 0.9416890080428955 0.25184275184275184 0.9457104557640751 0.257985257985258 0.9564343163538874 0.2592137592137592 0.9698391420911529 0.24447174447174447 0.9698391420911529 0.2199017199017199 0.9631367292225201 0.1977886977886978 0.9470509383378016 0.1977886977886978 0.9410187667560321 0.20270270270270271
0 0.6112600536193029 0.7407862407862408 0.6119302949061662 0.7886977886977887 0.6333780160857909 0.7886977886977887 0.6340482573726541 0.7751842751842751 0.6219839142091153 0.7358722358722358 0.621313672922252 0.726044226044226 0.6126005361930295 0.7235872235872236
4 0.5046916890080428 0.7960687960687961 0.5060321715817694 0.8206388206388207 0.5120643431635389 0.8267813267813268 0.5160857908847185 0.8230958230958231 0.5201072386058981 0.8108108108108109 0.5187667560321716 0.7936117936117936 0.5093833780160858 0.7874692874692875
4 0.5449061662198391 0.7911547911547911 0.5462466487935657 0.8206388206388207 0.5495978552278821 0.8255528255528255 0.5563002680965148 0.8243243243243243 0.5609919571045576 0.812039312039312 0.5589812332439679 0.7923832923832924 0.5536193029490617 0.7862407862407862
4 0.2634048257372654 0.7948402948402948 0.2640750670241287 0.8194103194103194 0.2687667560321716 0.8267813267813268 0.2754691689008043 0.8243243243243243 0.27949061662198393 0.8144963144963145 0.2774798927613941 0.7936117936117936 0.27010723860589814 0.7862407862407862
4 0.3042895442359249 0.7936117936117936 0.3042895442359249 0.8194103194103194 0.3096514745308311 0.8267813267813268 0.31501340482573725 0.8243243243243243 0.3190348525469169 0.8157248157248157 0.31769436997319034 0.7936117936117936 0.3109919571045576 0.7862407862407862
4 0.42359249329758714 0.6498771498771498 0.4242627345844504 0.6707616707616708 0.4336461126005362 0.6818181818181818 0.43967828418230565 0.6670761670761671 0.4390080428954424 0.6474201474201474 0.43029490616621985 0.6388206388206388
4 0.5851206434316354 0.742014742014742 0.5864611260053619 0.7653562653562653 0.5904825737265416 0.7702702702702703 0.5978552278820375 0.7678132678132679 0.6005361930294906 0.7555282555282555 0.599195710455764 0.7383292383292384 0.5918230563002681 0.730958230958231
4 0.6253351206434317 0.7223587223587223 0.6253351206434317 0.7432432432432432 0.6306970509383378 0.7518427518427518 0.6367292225201072 0.7493857493857494 0.6400804289544236 0.7383292383292384 0.6394101876675603 0.7211302211302212 0.6300268096514745 0.714987714987715
4 0.6689008042895442 0.6597051597051597 0.6648793565683646 0.6670761670761671 0.6648793565683646 0.6855036855036855 0.6702412868632708 0.6953316953316954 0.6776139410187667 0.6941031941031941 0.6809651474530831 0.6855036855036855 0.6796246648793566 0.6646191646191646 0.6749329758713136 0.6572481572481572
4 0.7453083109919572 0.7985257985257985 0.7473190348525469 0.8206388206388207 0.7546916890080428 0.8255528255528255 0.760053619302949 0.8194103194103194 0.7613941018766756 0.7997542997542998 0.7587131367292225 0.7911547911547911 0.7513404825737265 0.7874692874692875
4 0.7861930294906166 0.7972972972972973 0.7855227882037533 0.8132678132678133 0.7902144772117963 0.8243243243243243 0.7955764075067024 0.8255528255528255 0.8016085790884718 0.816953316953317 0.8009383378016086 0.7960687960687961 0.7962466487935657 0.7874692874692875 0.7902144772117963 0.7886977886977887
4 0.8264075067024129 0.7948402948402948 0.8277479892761395 0.8206388206388207 0.8310991957104558 0.8255528255528255 0.8384718498659517 0.8230958230958231 0.8418230563002681 0.8157248157248157 0.8398123324396782 0.7936117936117936 0.8310991957104558 0.7874692874692875
4 0.9075067024128687 0.6461916461916462 0.9075067024128687 0.6707616707616708 0.9121983914209115 0.6769041769041769 0.9175603217158177 0.6769041769041769 0.9215817694369973 0.6683046683046683 0.9215817694369973 0.6486486486486487 0.9162198391420912 0.64004914004914 0.9115281501340483 0.64004914004914
4 0.9477211796246648 0.5909090909090909 0.9483914209115282 0.6179361179361179 0.957774798927614 0.6216216216216216 0.9624664879356568 0.6142506142506142 0.9611260053619303 0.5921375921375921 0.9564343163538874 0.5847665847665847 0.9517426273458445 0.5847665847665847
4 0.9872654155495979 0.5749385749385749 0.9879356568364611 0.5982800982800983 0.9912868632707775 0.6044226044226044 0.9993297587131368 0.6056511056511057 0.9993297587131368 0.5675675675675675 0.9926273458445041 0.5651105651105651
3 0.3507573726541555 0.8012530712530713 0.03723860589812333 0.07916461916461916
0 0.48927613941018766 0.7944312039312039 0.48927613941018766 0.8667764127764128 0.5168304289544235 0.8667764127764128 0.5190643431635389 0.8285552825552825
7 0.0007446380697050939 0.6797702702702703 0.044682975871313674 0.6784054054054054 0.08564209115281501 0.6087911547911548 0.1720288203753351 0.6087911547911548 0.17053887399463807 0.6647555282555282 0.09010991957104557 0.6633906633906634 0.04542761394101877 0.7398304668304668 0 0.7371007371007371
7 0.16160254691689008 0.7289103194103194 0.24352077747989279 0.8858857493857494 0.41703887399463807 0.8858857493857494 0.4148049597855228 0.8271904176904177 0.2546916890080429 0.8244606879606879 0.1668156836461126 0.6756756756756757
7 0.45129557640750667 0.8326511056511057 0.5689604557640751 0.8271904176904177 0.6114088471849866 0.752115479115479 0.6516233243967828 0.7480208845208846 0.6925824396782843 0.6770405405405405 0.7365207774798926 0.6770405405405405 0.7365207774798926 0.7411953316953317 0.6933270777479893 0.7371007371007371 0.653857908847185 0.809445945945946 0.6121534852546917 0.809445945945946 0.5734289544235925 0.8886154791154791 0.44533780160857905 0.8845208845208845
7 0.8526957104557641 0.6838660933660934 0.9323800268096516 0.6838660933660934 0.974083780160858 0.6074250614250615 0.9993297587131368 0.6115208845208846 0.9993297587131368 0.6647555282555282 0.9733391420911528 0.6647555282555282 0.9338693029490617 0.7357358722358722 0.851951072386059 0.7371007371007371
7 0.7927479892761394 0.851081081081081 0.12734584450402145 0.04777641277641278
7 0.4304423592493298 0.7063882063882064 0.04468498659517427 0.045049140049140055
5 0.22117962466487937 0.7788697788697788 0.2205093833780161 0.7936117936117936 0.225201072386059 0.8144963144963145 0.24463806970509383 0.8194103194103194 0.25 0.8108108108108109 0.2526809651474531 0.7936117936117936 0.25134048257372654 0.7628992628992629 0.24731903485254692 0.7592137592137592 0.23726541554959785 0.7665847665847666 0.2272117962466488 0.7641277641277642 0.22319034852546918 0.7678132678132679