7 0.13970588235294118 0.6871980676328503 0.142379679144385 0.7041062801932367 0.13970588235294118 0.717391304347826 0.14371657754010694 0.7234299516908212 0.2586898395721925 0.7222222222222222 0.2927807486631016 0.7862318840579711 0.29612299465240643 0.7910628019323671 0.30280748663101603 0.7862318840579711 0.30013368983957217 0.7801932367149759 0.2967914438502674 0.7439613526570048 0.28609625668449196 0.7318840579710145 0.2620320855614973 0.6884057971014492 0.25133689839572193 0.6859903381642513 0.25133689839572193 0.7041062801932367 0.24866310160427807 0.7101449275362319 0.2266042780748663 0.711352657004831 0.22058823529411764 0.7065217391304348 0.21991978609625668 0.6859903381642513
4 0.27205882352941174 0.6642512077294686 0.2713903743315508 0.6823671497584541 0.2747326203208556 0.6908212560386473 0.2840909090909091 0.6920289855072463 0.29010695187165775 0.6859903381642513 0.2907754010695187 0.6678743961352657 0.28810160427807485 0.6594202898550725 0.27941176470588236 0.6570048309178744
4 0.3114973262032086 0.7198067632850241 0.3114973262032086 0.7379227053140096 0.3155080213903743 0.7451690821256038 0.32286096256684493 0.7475845410628019 0.32887700534759357 0.7427536231884058 0.33088235294117646 0.7270531400966184 0.3282085561497326 0.7137681159420289 0.31885026737967914 0.711352657004831
4 0.35294117647058826 0.716183574879227 0.3516042780748663 0.7367149758454107 0.35561497326203206 0.7463768115942029 0.36363636363636365 0.7475845410628019 0.3696524064171123 0.7415458937198067 0.3716577540106952 0.7282608695652174 0.3696524064171123 0.716183574879227 0.3629679144385027 0.7101449275362319 0.35561497326203206 0.711352657004831
4 0.3917112299465241 0.7198067632850241 0.3917112299465241 0.7367149758454107 0.39705882352941174 0.7463768115942029 0.4057486631016043 0.7463768115942029 0.4117647058823529 0.7342995169082126 0.41109625668449196 0.7222222222222222 0.40641711229946526 0.7125603864734299 0.39572192513368987 0.7125603864734299
7 0.42112299465240643 0.6799516908212561 0.4217914438502674 0.7185990338164251 0.428475935828877 0.7101449275362319 0.43114973262032086 0.7004830917874396 0.4505347593582888 0.677536231884058 0.45387700534759357 0.6557971014492754 0.46189839572192515 0.644927536231884 0.4659090909090909 0.644927536231884 0.4672459893048128 0.6497584541062802 0.5374331550802139 0.644927536231884 0.5434491978609626 0.6328502415458938 0.5434491978609626 0.6243961352657005 0.5474598930481284 0.6207729468599034 0.554144385026738 0.6231884057971014 0.554144385026738 0.6123188405797102 0.5474598930481284 0.605072463768116 0.5501336898395722 0.5881642512077294 0.5381016042780749 0.5736714975845411 0.5347593582887701 0.5785024154589372 0.5414438502673797 0.5869565217391305 0.5367647058823529 0.6086956521739131 0.5327540106951871 0.6111111111111112 0.46858288770053474 0.6123188405797102 0.45387700534759357 0.6183574879227053
4 0.43315508021390375 0.5917874396135265 0.4318181818181818 0.6086956521739131 0.4344919786096257 0.6171497584541062 0.4405080213903743 0.6207729468599034 0.4485294117647059 0.6171497584541062 0.4505347593582888 0.6123188405797102 0.4485294117647059 0.5869565217391305 0.4385026737967914 0.5845410628019324
4 0.47259358288770054 0.571256038647343 0.4712566844919786 0.5857487922705314 0.47459893048128343 0.5990338164251208 0.4859625668449198 0.6014492753623188 0.4899732620320856 0.5978260869565217 0.4913101604278075 0.5785024154589372 0.4879679144385027 0.5676328502415459 0.4786096256684492 0.5652173913043478
4 0.5120320855614974 0.5748792270531401 0.5113636363636364 0.5917874396135265 0.5147058823529411 0.6002415458937198 0.5314171122994652 0.5978260869565217 0.5320855614973262 0.5821256038647343 0.5287433155080213 0.5676328502415459 0.5193850267379679 0.5652173913043478
4 0.5521390374331551 0.44806763285024154 0.553475935828877 0.47101449275362317 0.5675133689839572 0.4746376811594203 0.570855614973262 0.46859903381642515 0.571524064171123 0.4468599033816425 0.5688502673796791 0.44082125603864736 0.5568181818181818 0.4396135265700483
4 0.6323529411764706 0.2113526570048309 0.6336898395721925 0.23550724637681159 0.6450534759358288 0.24033816425120774 0.6510695187165776 0.23429951690821257 0.6524064171122995 0.21739130434782608 0.6483957219251337 0.2041062801932367 0.6383689839572193 0.2028985507246377
4 0.6724598930481284 0.213768115942029 0.6724598930481284 0.22946859903381642 0.6758021390374331 0.23792270531400966 0.6831550802139037 0.24033816425120774 0.6905080213903744 0.23429951690821257 0.6918449197860963 0.21980676328502416 0.6891711229946524 0.20531400966183574 0.679144385026738 0.2028985507246377
4 0.7132352941176471 0.21014492753623187 0.7125668449197861 0.22826086956521738 0.7165775401069518 0.2391304347826087 0.7239304812834224 0.24033816425120774 0.7306149732620321 0.23429951690821257 0.7312834224598931 0.21256038647342995 0.7279411764705882 0.20531400966183574 0.7185828877005348 0.2041062801932367
4 0.7526737967914439 0.21256038647342995 0.7526737967914439 0.22584541062801933 0.7560160427807486 0.23792270531400966 0.7653743315508021 0.24033816425120774 0.7707219251336899 0.23429951690821257 0.7720588235294118 0.213768115942029 0.7693850267379679 0.20531400966183574 0.7573529411764706 0.2041062801932367
4 0.8342245989304813 0.4251207729468599 0.8322192513368984 0.4323671497584541 0.8342245989304813 0.4528985507246377 0.8415775401069518 0.4601449275362319 0.8489304812834224 0.4553140096618358 0.8529411764705882 0.4444444444444444 0.8509358288770054 0.4251207729468599 0.8469251336898396 0.4214975845410628
4 0.8743315508021391 0.42632850241545894 0.8729946524064172 0.4468599033816425 0.8756684491978609 0.45410628019323673 0.8863636363636364 0.4577294685990338 0.891042780748663 0.4528985507246377 0.893048128342246 0.4359903381642512 0.8903743315508021 0.42391304347826086 0.8783422459893048 0.4214975845410628
4 0.9131016042780749 0.4468599033816425 0.9124331550802139 0.463768115942029 0.9151069518716578 0.4722222222222222 0.9264705882352942 0.4746376811594203 0.9318181818181818 0.4673913043478261 0.9324866310160428 0.4468599033816425 0.93048128342246 0.44082125603864736 0.9204545454545454 0.4384057971014493
4 0.9532085561497327 0.501207729468599 0.9525401069518716 0.5205314009661836 0.9565508021390374 0.5289855072463768 0.963903743315508 0.532608695652174 0.9719251336898396 0.5229468599033816 0.9732620320855615 0.5036231884057971 0.9692513368983957 0.49516908212560384 0.9585561497326203 0.4927536231884058
0 0.30080213903743314 0.7185990338164251 0.30013368983957217 0.7789855072463768 0.303475935828877 0.783816425120773 0.32219251336898397 0.782608695652174 0.32085561497326204 0.7548309178743962 0.31283422459893045 0.7427536231884058 0.3108288770053476 0.7234299516908212 0.3048128342245989 0.717391304347826
7 0.2560160427807487 0.6884057971014492 0.2520053475935829 0.6956521739130435 0.2533422459893048 0.7028985507246377 0.2700534759358289 0.7077294685990339 0.2600267379679144 0.6884057971014492
7 0.32085561497326204 0.7620772946859904 0.32085561497326204 0.7765700483091788 0.31016042780748665 0.7862318840579711 0.3114973262032086 0.7910628019323671 0.3235294117647059 0.7958937198067633 0.39705882352941174 0.7983091787439613 0.41510695187165775 0.7958937198067633 0.4197860962566845 0.7898550724637681 0.41911764705882354 0.7596618357487923 0.4157754010695187 0.7572463768115942 0.3696524064171123 0.7572463768115942 0.3663101604278075 0.7620772946859904 0.3409090909090909 0.7572463768115942
7 0.5394385026737968 0.5398550724637681 0.5374331550802139 0.5531400966183575 0.5414438502673797 0.5591787439613527 0.5414438502673797 0.5676328502415459 0.5461229946524064 0.5700483091787439 0.5601604278074866 0.5507246376811594 0.5701871657754011 0.5253623188405797 0.588903743315508 0.5084541062801933 0.5989304812834224 0.5084541062801933 0.607620320855615 0.5157004830917874 0.6163101604278075 0.5132850241545893 0.6223262032085561 0.48792270531400966 0.6209893048128342 0.4722222222222222 0.6156417112299465 0.4673913043478261 0.5802139037433155 0.46980676328502413
7 0.14037433155080214 0.6871980676328503 0.14037433155080214 0.7198067632850241 0.14304812834224598 0.7222222222222222 0.18983957219251338 0.7210144927536232 0.22192513368983957 0.714975845410628 0.25133689839572193 0.7185990338164251 0.25935828877005346 0.7125603864734299 0.25668449197860965 0.7077294685990339 0.2252673796791444 0.7089371980676329 0.2179144385026738 0.7004830917874396 0.21724598930481284 0.6920289855072463 0.21390374331550802 0.6884057971014492
7 0.6216577540106952 0.2536231884057971 0.6209893048128342 0.28502415458937197 0.625 0.2886473429951691 0.7199197860962567 0.2922705314009662 0.7807486631016043 0.286231884057971 0.7814171122994652 0.25483091787439616 0.7780748663101604 0.25120772946859904
7 0.7800802139037433 0.47705314009661837 0.7794117647058824 0.5084541062801933 0.7820855614973262 0.5144927536231884 0.8068181818181818 0.5060386473429952 0.8175133689839572 0.5060386473429952 0.8228609625668449 0.5108695652173914 0.8295454545454546 0.5072463768115942 0.8368983957219251 0.5120772946859904 0.8549465240641712 0.5072463768115942 0.8656417112299465 0.5120772946859904 0.8723262032085561 0.5084541062801933 0.8796791443850267 0.5132850241545893 0.8877005347593583 0.5096618357487923 0.8977272727272727 0.5120772946859904 0.8997326203208557 0.5193236714975845 0.9164438502673797 0.5362318840579711 0.9224598930481284 0.5543478260869565 0.9425133689839572 0.5785024154589372 0.9752673796791443 0.5833333333333334 0.9879679144385026 0.5966183574879227 0.9893048128342246 0.607487922705314 0.9993315508021391 0.6123188405797102 0.9993315508021391 0.5676328502415459 0.9879679144385026 0.5507246376811594 0.9786096256684492 0.5422705314009661 0.9632352941176471 0.5458937198067633 0.9425133689839572 0.538647342995169 0.9030748663101604 0.47342995169082125 0.8870320855614974 0.46980676328502413 0.8823529411764706 0.4758454106280193 0.8743315508021391 0.46980676328502413 0.8489304812834224 0.46980676328502413 0.8409090909090909 0.4758454106280193 0.8302139037433155 0.46980676328502413 0.7887700534759359 0.46859903381642515
5 0.21858288770053477 0.6630434782608695 0.2179144385026738 0.6811594202898551 0.2232620320855615 0.7028985507246377 0.24532085561497327 0.7065217391304348 0.25 0.7004830917874396 0.25066844919786097 0.6582125603864735 0.2446524064171123 0.6557971014492754 0.23796791443850268 0.6678743961352657 0.22459893048128343 0.6582125603864735