4 0.46328437917222964 0.35036496350364965 0.46261682242990654 0.3795620437956204 0.465954606141522 0.38686131386861317 0.4712950600801068 0.38686131386861317 0.47463284379172227 0.3795620437956204 0.4739652870493992 0.35036496350364965 0.4706275033377837 0.3467153284671533
4 0.5433911882510013 0.5888077858880778 0.5440587449933244 0.6192214111922141 0.5514018691588785 0.6228710462287105 0.5540720961281709 0.6167883211678832 0.5540720961281709 0.5912408759124088 0.5507343124165555 0.583941605839416
4 0.5834445927903872 0.5705596107055961 0.5834445927903872 0.5997566909975669 0.5934579439252337 0.6021897810218978 0.5947930574098799 0.5705596107055961 0.5914552736982643 0.5644768856447688
4 0.62283044058745 0.5145985401459854 0.6221628838451269 0.5437956204379562 0.6261682242990654 0.551094890510949 0.6315086782376502 0.551094890510949 0.6355140186915887 0.5401459854014599 0.6341789052069426 0.5145985401459854 0.6288384512683578 0.5097323600973236
4 0.6628838451268357 0.49878345498783455 0.6628838451268357 0.5291970802919708 0.671562082777036 0.5328467153284672 0.6748998664886515 0.5218978102189781 0.6748998664886515 0.5012165450121655 0.6695594125500668 0.4927007299270073
4 0.9432576769025367 0.36982968369829683 0.9439252336448598 0.40145985401459855 0.9532710280373832 0.40389294403892945 0.9559412550066756 0.39416058394160586 0.9539385847797063 0.36739659367396593 0.9485981308411215 0.3637469586374696
4 0.8638184245660881 0.6447688564476886 0.8638184245660881 0.6727493917274939 0.8724966622162884 0.6776155717761557 0.8751668891855807 0.6435523114355232 0.8678237650200267 0.6386861313868614
3 0.7472496662216289 0.3588807785888078 0.047563417890520696 0.07907542579075426
7 0.2273898531375167 0.7071167883211679 0.4531041388518024 0.04257907542579075
5 0.21962616822429906 0.6593673965936739 0.21895861148197596 0.681265206812652 0.22630173564753003 0.7104622871046229 0.24833110814419226 0.7092457420924574 0.25033377837116155 0.6605839416058394 0.24432576769025366 0.6459854014598541 0.2336448598130841 0.6411192214111923 0.22429906542056074 0.648418491484185
7 0.4681241655540721 0.41287104622871046 0.04506008010680908 0.04714111922141119
0 0.568090787716956 0.5778588807785888 0.568090787716956 0.6399026763990268 0.5927903871829105 0.6411192214111923 0.5901201602136181 0.6277372262773723 0.5921228304405874 0.6034063260340633 0.5827770360480641 0.6009732360097324 0.5740987983978638 0.5778588807785888
7 0.4823097463284379 0.681265206812652 0.5248664886515354 0.6782238442822385 0.5665887850467289 0.6113138686131386 0.6049732977303071 0.6052311435523114 0.6458611481975968 0.5368004866180048 0.7309746328437917 0.5322384428223844 0.7309746328437917 0.5869829683698297 0.6508678237650201 0.5900243309002433 0.611648865153538 0.6614963503649635 0.5699265687583445 0.6599756690997567 0.5282042723631508 0.7344890510948905 0.4848130841121495 0.7329683698296837
7 0.9279038718291055 0.4607664233576642 0.9654539385847797 0.39081508515815083 0.9746328437917223 0.43947688564476883 0.9345794392523364 0.5109489051094891
7 0.8081642189586116 0.559610705596107 0.08928571428571429 0.05170316301703163
7 0.90913217623498 0.559610705596107 0.04255674232309746 0.05474452554744526
7 0.8653204272363151 0.7048418491484185 0.050066755674232306 0.05322384428223844