5 0.2129506008010681 0.5151883353584447 0.2136181575433912 0.543134872417983 0.22029372496662217 0.5637910085054678 0.23230974632843793 0.5662211421628189 0.24299065420560748 0.5577156743620899 0.24499332443257676 0.5249088699878494 0.24032042723631508 0.5054678007290401 0.23097463284379172 0.503037667071689
1 0.03204272363150868 0.7399756986634265 0.036048064085447265 0.7691373025516404 0.042723631508678236 0.7825030376670717 0.0534045393858478 0.7812879708383961 0.06608811748998665 0.7654921020656136 0.06408544726301736 0.7424058323207776 0.05807743658210948 0.7229647630619684 0.03938584779706275 0.724179829890644
4 0.287716955941255 0.574726609963548 0.287716955941255 0.6026731470230863 0.29439252336448596 0.6075334143377886 0.2970627503337784 0.6026731470230863 0.2970627503337784 0.5710814094775213
4 0.32843791722296395 0.5735115431348724 0.32843791722296395 0.6026731470230863 0.33044058744993327 0.606318347509113 0.3371161548731642 0.6051032806804374 0.3371161548731642 0.574726609963548 0.335781041388518 0.5710814094775213
4 0.3684913217623498 0.5722964763061968 0.3678237650200267 0.6014580801944107 0.369826435246996 0.606318347509113 0.3751668891855808 0.606318347509113 0.37783711615487314 0.6014580801944107 0.37783711615487314 0.5759416767922235 0.37449933244325767 0.5698663426488457
4 0.4499332443257677 0.3377885783718105 0.4492656875834446 0.36938031591737547 0.45794392523364486 0.370595382746051 0.45994659546061417 0.3669501822600243 0.45927903871829107 0.3377885783718105
4 0.568090787716956 0.5006075334143378 0.568090787716956 0.5297691373025516 0.5707610146862483 0.534629404617254 0.57543391188251 0.5334143377885784 0.5781041388518025 0.5273390036452005 0.5781041388518025 0.503037667071689 0.57543391188251 0.49817739975698666
4 0.6081441922563418 0.5018226002430134 0.6081441922563418 0.528554070473876 0.6101468624833111 0.5334143377885784 0.6161548731642189 0.5334143377885784 0.6174899866488651 0.5006075334143378 0.6108144192256342 0.49696233292831105
4 0.6481975967957276 0.503037667071689 0.6475300400534045 0.5297691373025516 0.6508678237650201 0.5358444714459295 0.6542056074766355 0.534629404617254 0.657543391188251 0.5297691373025516 0.657543391188251 0.5006075334143378 0.6508678237650201 0.49696233292831105
4 0.7283044058744993 0.28068043742405835 0.7283044058744993 0.31227217496962334 0.7349799732977303 0.3159173754556501 0.7389853137516689 0.30984204131227217 0.7383177570093458 0.2818955042527339 0.7349799732977303 0.2782503037667072
4 0.8504672897196262 0.6439854191980559 0.8484646194926568 0.6476306196840826 0.8484646194926568 0.675577156743621 0.8518024032042724 0.6816524908869988 0.8571428571428571 0.6804374240583232 0.8591455273698264 0.6767922235722965 0.8584779706275033 0.6464155528554071
7 0.10146862483311081 0.7606318347509113 0.11014686248331108 0.7679222357229648 0.11615487316421896 0.7812879708383961 0.11815754339118825 0.7995139732685298 0.11481975967957277 0.8177399756986634 0.09679572763684913 0.8493317132442284 0.0794392523364486 0.8675577156743621 0.07142857142857142 0.8797083839611178 0.0527369826435247 0.8930741190765492 0.024699599465954607 0.8918590522478737 0.014018691588785047 0.8821385176184691 0.0026702269692923898 0.8626974483596598 0 0.8554070473876063 0 0.7800729040097205 0.012683578104138851 0.7776427703523694 0.019359145527369826 0.7825030376670717 0.038050734312416554 0.8201701093560145 0.043391188251001335 0.8201701093560145 0.07142857142857142 0.7897934386391251 0.08544726301735647 0.7654921020656136 0.09212283044058744 0.7606318347509113 0.10080106809078772 0.7606318347509113
7 0.33002670226969294 0.637910085054678 0.12433244325767691 0.05164034021871203
7 0.6295927903871829 0.5627339003645201 0.16438584779706275 0.04404617253948967
7 0.729305740987984 0.3462940461725395 0.048397863818424564 0.04860267314702309
7 0.7906408544726302 0.5657715674362089 0.0859479305740988 0.05012150668286756
7 0.8907743658210948 0.5619684082624544 0.04422563417890521 0.0425273390036452
7 0.8503004005340454 0.7092952612393681 0.04506008010680908 0.04860267314702309