0 0.43324432576769023 0.7226277372262774 0.43391188251001334 0.7834549878345499 0.45727636849132175 0.7858880778588808 0.4539385847797063 0.7652068126520681 0.4552736982643525 0.7591240875912408 0.45193591455273696 0.7481751824817519 0.44058744993324434 0.7226277372262774
4 0.32843791722296395 0.5024330900243309 0.32977303070761016 0.5255474452554745 0.33511348464619495 0.5316301703163017 0.3404539385847797 0.5304136253041363 0.34512683578104136 0.5145985401459854 0.3431241655540721 0.4975669099756691 0.33444592790387184 0.49148418491484186
4 0.40921228304405877 0.6642335766423357 0.4098798397863818 0.6922141119221411 0.4212283044058745 0.6922141119221411 0.42456608811748997 0.681265206812652 0.4232309746328438 0.6630170316301703 0.4192256341789052 0.656934306569343 0.41388518024032045 0.656934306569343
4 0.4506008010680908 0.718978102189781 0.4499332443257677 0.7384428223844283 0.45193591455273696 0.7445255474452555 0.4539385847797063 0.7481751824817519 0.4612817089452603 0.7469586374695864 0.46461949265687585 0.7360097323600974 0.46328437917222964 0.7201946472019465 0.45660881174899864 0.7128953771289538
4 0.4893190921228304 0.7214111922141119 0.48998664886515353 0.7420924574209246 0.4946595460614152 0.7493917274939172 0.5013351134846462 0.7469586374695864 0.5046728971962616 0.7372262773722628 0.5020026702269693 0.7153284671532847 0.493324432576769 0.7128953771289538
4 0.5293724966622163 0.7214111922141119 0.5313751668891856 0.7445255474452555 0.5353805073431241 0.7493917274939172 0.5413885180240321 0.7469586374695864 0.5447263017356475 0.7360097323600974 0.5440587449933244 0.7201946472019465 0.5353805073431241 0.7128953771289538
4 0.6488651535380507 0.8673965936739659 0.6481975967957276 0.8807785888077859 0.6528704939919893 0.8941605839416058 0.6582109479305741 0.8965936739659367 0.664218958611482 0.8880778588807786 0.6655540720961282 0.8710462287104623 0.6615487316421896 0.8588807785888077 0.6542056074766355 0.8564476885644768
4 0.7296395193591455 0.7214111922141119 0.7309746328437917 0.7445255474452555 0.7409879839786382 0.7481751824817519 0.7449933244325768 0.7384428223844283 0.7436582109479306 0.718978102189781 0.739652870493992 0.7128953771289538 0.7343124165554072 0.7128953771289538
4 0.7703604806408545 0.7201946472019465 0.7710280373831776 0.7433090024330901 0.780373831775701 0.7481751824817519 0.7850467289719626 0.7347931873479319 0.7830440587449933 0.7177615571776156 0.7736982643524699 0.7141119221411192
4 0.8097463284379173 0.6630170316301703 0.8097463284379173 0.6885644768856448 0.8157543391188251 0.6958637469586375 0.821762349799733 0.694647201946472 0.8257676902536716 0.6849148418491484 0.8237650200267023 0.6605839416058394 0.8144192256341789 0.6557177615571776
4 0.8504672897196262 0.6459854014598541 0.8511348464619493 0.6715328467153284 0.8544726301735648 0.6751824817518248 0.8624833110814419 0.6727493917274939 0.8658210947930574 0.656934306569343 0.8638184245660881 0.6447688564476886 0.8598130841121495 0.6386861313868614 0.8551401869158879 0.6386861313868614
4 0.890520694259012 0.5900243309002433 0.890520694259012 0.6143552311435523 0.8958611481975968 0.621654501216545 0.9005340453938585 0.6204379562043796 0.9052069425901201 0.6119221411192214 0.9038718291054739 0.5900243309002433 0.8978638184245661 0.5827250608272506
4 0.9305740987983978 0.3722627737226277 0.9312416555407209 0.39659367396593675 0.9352469959946595 0.402676399026764 0.9405874499332443 0.40145985401459855 0.945260347129506 0.3905109489051095 0.9445927903871829 0.3734793187347932 0.9399198931909212 0.36496350364963503 0.9345794392523364 0.36496350364963503
4 0.9739652870493992 0.34793187347931875 0.9699599465954606 0.35523114355231145 0.9699599465954606 0.3734793187347932 0.9773030707610146 0.38564476885644766 0.9839786381842457 0.3771289537712895 0.9853137516688919 0.36253041362530414 0.9813084112149533 0.34793187347931875
3 0.6141522029372497 0.8690754257907543 0.028371161548731642 0.08059610705596107
7 0.6333444592790387 0.916970802919708 0.09345794392523364 0.04562043795620438
7 0.5136048064085448 0.773272506082725 0.169392523364486 0.04409975669099757
7 0.37258344459279036 0.7002798053527981 0.04422563417890521 0.04714111922141119
7 0.332109479305741 0.5580900243309003 0.048397863818424564 0.04866180048661801
7 0.1589652870493992 0.7048418491484185 0.31792389853137515 0.05018248175182482
7 0.7338985313751669 0.7740267639902676 0.12266355140186916 0.04866180048661801
7 0.8536381842456608 0.7025547445255474 0.043391188251001335 0.04866180048661801
7 0.9758878504672898 0.41287104622871046 0.047563417890520696 0.05930656934306569
7 0.9445927903871829 0.39416058394160586 0.9526034712950601 0.40145985401459855 0.9579439252336449 0.41362530413625304 0.9599465954606141 0.4257907542579075 0.959279038718291 0.44525547445255476 0.9546061415220294 0.46472019464720193 0.9465954606141522 0.48418491484184917 0.9352469959946595 0.5024330900243309 0.9265687583444593 0.5085158150851582 0.9152202937249666 0.5060827250608273 0.9065420560747663 0.49391727493917276 0.9025367156208278 0.47566909975669097 0.9032042723631508 0.4610705596107056 0.9065420560747663 0.4489051094890511 0.9192256341789052 0.4257907542579075 0.9212283044058746 0.41362530413625304 0.9265687583444593 0.40145985401459855 0.9345794392523364 0.39416058394160586 0.9439252336448598 0.39416058394160586
7 0.9125500667556742 0.6119221411192214 0.917890520694259 0.6192214111922141 0.9225634178905207 0.635036496350365 0.9232309746328438 0.6508515815085159 0.9212283044058746 0.6630170316301703 0.9152202937249666 0.681265206812652 0.9005340453938585 0.7116788321167883 0.8951935914552737 0.7214111922141119 0.8865153538050734 0.7274939172749392 0.8744993324432577 0.7238442822384428 0.8664886515353805 0.7104622871046229 0.863150867823765 0.6922141119221411 0.8658210947930574 0.670316301703163 0.8918558077436582 0.6131386861313869 0.8985313751668892 0.6082725060827251 0.9072096128170895 0.6082725060827251 0.9118825100133512 0.6119221411192214
7 0.8257676902536716 0.6788321167883211 0.8344459279038718 0.683698296836983 0.842456608811749 0.6982968369829684 0.8444592790387183 0.708029197080292 0.8444592790387183 0.7262773722627737 0.842456608811749 0.7372262773722628 0.8364485981308412 0.754257907542579 0.8177570093457944 0.7883211678832117 0.8030707610146862 0.7992700729927007 0.7930574098798397 0.7956204379562044 0.7857142857142857 0.7846715328467153 0.7817089452603472 0.7688564476885644 0.7823765020026703 0.7506082725060828 0.7870493991989319 0.7360097323600974 0.8037383177570093 0.708029197080292 0.8124165554072096 0.6861313868613139 0.8190921228304406 0.6800486618004866 0.8251001335113485 0.6788321167883211
7 0.40854472630173566 0.6873479318734793 0.4158878504672897 0.6934306569343066 0.4272363150867824 0.7128953771289538 0.445260347129506 0.7360097323600974 0.4506008010680908 0.7481751824817519 0.45260347129506007 0.7603406326034063 0.4512683578104139 0.7785888077858881 0.4439252336448598 0.7956204379562044 0.43591455273698265 0.8017031630170316 0.4218958611481976 0.7980535279805353 0.4045393858477971 0.7761557177615572 0.38518024032042725 0.7408759124087592 0.38384512683578104 0.7153284671532847 0.3871829105473965 0.7019464720194647 0.397196261682243 0.6885644768856448 0.40787716955941256 0.6873479318734793