5 0.224 0.6446886446886447 0.22 0.6532356532356532 0.22 0.6776556776556777 0.22533333333333333 0.6971916971916972 0.24066666666666667 0.702075702075702 0.248 0.6947496947496947 0.25266666666666665 0.6752136752136753 0.252 0.6568986568986569 0.248 0.645909645909646 0.23466666666666666 0.6361416361416361
4 0.444 0.5006105006105006 0.44466666666666665 0.5201465201465202 0.4493333333333333 0.5286935286935287 0.456 0.5274725274725275 0.4593333333333333 0.5164835164835165 0.458 0.4945054945054945 0.45 0.4908424908424908
4 0.5246666666666666 0.5164835164835165 0.5246666666666666 0.5396825396825397 0.5286666666666666 0.5457875457875457 0.5353333333333333 0.5445665445665445 0.5393333333333333 0.5335775335775336 0.5386666666666666 0.5164835164835165 0.5333333333333333 0.5091575091575091 0.5293333333333333 0.5091575091575091
4 0.5646666666666667 0.4993894993894994 0.5653333333333334 0.5225885225885226 0.57 0.5286935286935287 0.5766666666666667 0.5262515262515263 0.5793333333333334 0.518925518925519 0.5786666666666667 0.4981684981684982 0.5746666666666667 0.49206349206349204 0.5693333333333334 0.49206349206349204
4 0.6046666666666667 0.5006105006105006 0.6053333333333333 0.5213675213675214 0.6086666666666667 0.5274725274725275 0.616 0.5262515262515263 0.6193333333333333 0.514041514041514 0.6173333333333333 0.4945054945054945 0.61 0.4908424908424908
4 0.6446666666666667 0.2967032967032967 0.6453333333333333 0.32112332112332115 0.6506666666666666 0.32722832722832723 0.6573333333333333 0.3247863247863248 0.66 0.31013431013431014 0.658 0.29426129426129427 0.6493333333333333 0.2893772893772894
4 0.804 0.28205128205128205 0.8066666666666666 0.3052503052503053 0.8106666666666666 0.3089133089133089 0.8186666666666667 0.3028083028083028 0.82 0.28205128205128205 0.8173333333333334 0.27472527472527475 0.8093333333333333 0.27106227106227104
4 0.8453333333333334 0.2783882783882784 0.8453333333333334 0.30036630036630035 0.8486666666666667 0.3064713064713065 0.8553333333333333 0.3064713064713065 0.858 0.29914529914529914 0.858 0.2796092796092796 0.854 0.27228327228327226 0.8486666666666667 0.27228327228327226
4 0.884 0.2258852258852259 0.8833333333333333 0.24175824175824176 0.8866666666666667 0.2503052503052503 0.8953333333333333 0.25274725274725274 0.8986666666666666 0.24786324786324787 0.9 0.23321123321123322 0.8966666666666666 0.21855921855921856 0.89 0.21611721611721613
4 0.9253333333333333 0.20512820512820512 0.9246666666666666 0.2258852258852259 0.9293333333333333 0.23443223443223443 0.9353333333333333 0.23443223443223443 0.94 0.21978021978021978 0.9386666666666666 0.20512820512820512 0.932 0.1978021978021978
4 0.9653333333333334 0.2039072039072039 0.9653333333333334 0.22954822954822954 0.97 0.23565323565323565 0.976 0.23443223443223443 0.9793333333333333 0.22344322344322345 0.9786666666666667 0.20512820512820512 0.9733333333333334 0.1978021978021978
7 0.21542 0.6967399267399267 0.43083333333333335 0.053418803418803416
7 0.4483333333333333 0.5555555555555556 0.045 0.051892551892551896
7 0.48792 0.6974969474969475 0.04583333333333333 0.051892551892551896
7 0.73 0.19002442002442002 0.041666666666666664 0.04731379731379731
3 0.7295866666666667 0.14041514041514042 0.034166666666666665 0.07326007326007326
7 0.6275 0.3891941391941392 0.665 0.31746031746031744 0.7116666666666667 0.3159340659340659 0.7125 0.35866910866910867 0.67 0.36324786324786323 0.6275 0.4365079365079365
7 0.5041666666666667 0.6089743589743589 0.5466666666666666 0.5326617826617827 0.6283333333333333 0.5326617826617827 0.6275 0.5860805860805861 0.5508333333333333 0.57997557997558 0.5066666666666667 0.6547619047619048
7 0.7458333333333333 0.3067765567765568 0.8683333333333333 0.3083028083028083 0.9066666666666666 0.23046398046398045 0.9993333333333333 0.23351648351648352 0.9975 0.3067765567765568 0.9083333333333333 0.2945665445665446 0.8683333333333333 0.3708791208791209 0.74 0.3724053724053724
0 0.7886666666666666 0.28205128205128205 0.7873333333333333 0.3443223443223443 0.8126666666666666 0.34554334554334554 0.8093333333333333 0.3308913308913309 0.8106666666666666 0.31746031746031744 0.7933333333333333 0.28083028083028083
0 0.9086666666666666 0.21001221001221002 0.908 0.27106227106227104 0.9333333333333333 0.27228327228327226 0.9286666666666666 0.23687423687423687 0.9126666666666666 0.20757020757020758