3 0.7036975349766822 0.7289119804400978 0.039973351099267154 0.07334963325183375
5 0.22051965356429049 0.6552567237163814 0.22051965356429049 0.6821515892420538 0.22651565622918055 0.706601466992665 0.24516988674217188 0.7078239608801956 0.2498334443704197 0.6919315403422983 0.25116588940706197 0.6589242053789731 0.2491672218520986 0.6540342298288508 0.24450366422385075 0.6466992665036675 0.23384410393071287 0.6418092909535452 0.2251832111925383 0.6454767726161369
4 0.4603597601598934 0.4254278728606357 0.4603597601598934 0.44865525672371637 0.46635576282478347 0.4572127139364303 0.4703530979347102 0.4559902200488998 0.4756828780812791 0.44254278728606355 0.4743504330446369 0.4242053789731051 0.4670219853431046 0.41687041564792177
4 0.5396402398401066 0.6638141809290954 0.5383077948034644 0.6797066014669927 0.5403064623584277 0.687041564792176 0.5456362425049966 0.6943765281173594 0.5516322451698867 0.6931540342298288 0.5562958027981346 0.6772616136919315 0.5542971352431713 0.6625916870415648 0.5463024650233178 0.6552567237163814
4 0.5829447035309794 0.715158924205379 0.5796135909393737 0.7212713936430318 0.5796135909393737 0.7371638141809291 0.5829447035309794 0.7469437652811736 0.5889407061958695 0.7493887530562348 0.5942704863424384 0.7408312958435208 0.5949367088607594 0.726161369193154 0.5916055962691539 0.715158924205379
4 0.619586942038641 0.7212713936430318 0.6215856095936043 0.7432762836185819 0.6255829447035309 0.7493887530562348 0.6302465023317788 0.7493887530562348 0.6355762824783477 0.7347188264058679 0.6342438374417055 0.7200488997555012 0.6255829447035309 0.7127139364303179
4 0.6602265156562291 0.7200488997555012 0.6602265156562291 0.7408312958435208 0.664890073284477 0.7493887530562348 0.670219853431046 0.7481662591687042 0.6742171885409727 0.7383863080684596 0.6728847435043305 0.7188264058679706 0.6675549633577615 0.7114914425427873
4 0.7808127914723517 0.71760391198044 0.7788141239173884 0.7322738386308069 0.7814790139906729 0.7444987775061125 0.7854763491005996 0.7493887530562348 0.7914723517654897 0.7469437652811736 0.7948034643570953 0.7371638141809291 0.793471019320453 0.71760391198044 0.7888074616922052 0.7127139364303179
4 0.8201199200532978 0.7200488997555012 0.8201199200532978 0.7408312958435208 0.8241172551632245 0.7481662591687042 0.8314457028647568 0.7469437652811736 0.8354430379746836 0.7334963325183375 0.8341105929380414 0.7200488997555012 0.8281145902731513 0.7127139364303179
4 0.8987341772151899 0.42665036674816625 0.899400399733511 0.44865525672371637 0.9067288474350433 0.4572127139364303 0.9113924050632911 0.4547677261613692 0.9147235176548968 0.4474327628361858 0.9147235176548968 0.4254278728606357 0.9060626249167222 0.41687041564792177
0 0.603597601598934 0.7212713936430318 0.603597601598934 0.78239608801956 0.6109260493004663 0.7872860635696821 0.6269153897401732 0.7860635696821516 0.6255829447035309 0.7542787286063569 0.6149233844103931 0.7396088019559902 0.6102598267821452 0.7224938875305623
7 0.22401732178547634 0.7052322738386309 0.4463690872751499 0.04431540342298289
7 0.4642771485676216 0.4828850855745721 0.04413724183877415 0.0488997555012225
7 0.9039840106595604 0.4821271393643032 0.045802798134576946 0.0534841075794621
7 0.9435376415722851 0.7755256723716382 0.049966688874083946 0.05959657701711491
7 0.8894070619586942 0.7487775061124694 0.5679546968687542 0.7472493887530562 0.5246502331778814 0.6754278728606357 0.4771818787475017 0.6769559902200489 0.47801465689540307 0.7319682151589242 0.5204863424383744 0.7365525672371638 0.5662891405729513 0.8114303178484108 0.891072618254497 0.812958435207824