1 0.5807099799062291 0.3050847457627119 0.580040187541862 0.3159806295399516 0.5847287340924313 0.34019370460048426 0.5900870730073677 0.3498789346246973 0.6021433355659745 0.3498789346246973 0.6135298057602143 0.33777239709443097 0.6135298057602143 0.31234866828087166 0.6054922973878097 0.28934624697336564 0.5914266577361018 0.28934624697336564
0 0.7782987273945077 0.3644067796610169 0.7782987273945077 0.42009685230024213 0.8024112525117214 0.4225181598062954 0.8010716677829873 0.39709443099273606 0.7930341594105828 0.3692493946731235 0.7890154052243804 0.3692493946731235 0.7796383121232418 0.35714285714285715
7 0.578700602813128 0.5363196125907991 0.5773610180843939 0.5811138014527845 0.5813797722705961 0.585956416464891 0.5847287340924313 0.5665859564164649 0.6188881446751507 0.5108958837772397 0.6436704621567314 0.5024213075060533 0.6838580040187542 0.5048426150121066 0.6999330207635633 0.5012106537530266 0.7126590756865372 0.4745762711864407 0.7273945077026122 0.4576271186440678 0.7307434695244475 0.4430992736077482 0.7421299397186872 0.43341404358353514 0.7585398526456798 0.42857142857142855 0.7796383121232418 0.4346246973365617 0.7849966510381782 0.43099273607748184 0.7782987273945077 0.4261501210653753 0.7742799732083054 0.39951573849878935 0.7367716008037508 0.400726392251816 0.7200267916945747 0.42493946731234866 0.7206965840589418 0.4346246973365617 0.7086403215003348 0.44552058111380144 0.6999330207635633 0.46246973365617433 0.6902210314802412 0.46973365617433416 0.6383121232417951 0.4721549636803874 0.622906898861353 0.4685230024213075 0.6141995981245814 0.47336561743341404
4 0.5934360348292029 0.44794188861985473 0.5934360348292029 0.4685230024213075 0.5987943737441394 0.47578692493946734 0.6048225050234427 0.4745762711864407 0.607501674480911 0.4685230024213075 0.6054922973878097 0.44188861985472155 0.5981245813797723 0.4406779661016949
7 0.12525117213663764 0.6900726392251816 0.12525117213663764 0.7203389830508474 0.12926992632283993 0.7239709443099274 0.14668452779638314 0.7203389830508474 0.18486269256530474 0.7239709443099274 0.5264567983924984 0.7239709443099274 0.5391828533154722 0.7191283292978208 0.5706630944407234 0.7227602905569007 0.5753516409912927 0.7191283292978208 0.5773610180843939 0.7058111380145279 0.5766912257200268 0.6924939467312349 0.5706630944407234 0.6876513317191283
4 0.4333556597454789 0.6464891041162227 0.434695244474213 0.6719128329297821 0.43871399866041527 0.6755447941888619 0.4454119223040857 0.6719128329297821 0.4474212993971869 0.6670702179176755 0.44608171466845276 0.6452784503631961 0.43871399866041527 0.639225181598063
4 0.47287340924313465 0.6501210653753027 0.47488278633623576 0.6731234866828087 0.48091091761553917 0.6767554479418886 0.48626925653047554 0.6719128329297821 0.48760884125920967 0.6476997578692494 0.4842598794373744 0.6404358353510896 0.477561955793704 0.6404358353510896
4 0.5130609511051574 0.6464891041162227 0.5137307434695244 0.6694915254237288 0.5184192900200938 0.6755447941888619 0.5257870060281313 0.6719128329297821 0.5291359678499665 0.6598062953995157 0.5264567983924984 0.6440677966101694 0.5184192900200938 0.639225181598063
4 0.5525787006028131 0.6464891041162227 0.5532484929671801 0.6682808716707022 0.5599464166108507 0.6767554479418886 0.565304755525787 0.6731234866828087 0.5673141326188882 0.6452784503631961 0.5599464166108507 0.639225181598063
4 0.6342933690555927 0.42857142857142855 0.6342933690555927 0.4515738498789346 0.6376423308774279 0.4576271186440678 0.6443402545210984 0.4576271186440678 0.6490288010716678 0.4443099273607748 0.6476892163429336 0.42857142857142855 0.6430006697923644 0.4225181598062954
4 0.6738111185532485 0.43099273607748184 0.6744809109176155 0.4515738498789346 0.6778298727394507 0.4576271186440678 0.6845277963831212 0.4576271186440678 0.6892163429336906 0.44188861985472155 0.6878767582049564 0.42857142857142855 0.6784996651038178 0.4225181598062954
4 0.7548559946416611 0.35714285714285715 0.7548559946416611 0.37772397094430993 0.7588747488278633 0.38498789346246975 0.7649028801071668 0.38498789346246975 0.768921634293369 0.3765133171912833 0.7675820495646349 0.35472154963680386 0.7608841259209645 0.3498789346246973
4 0.7957133288680509 0.35472154963680386 0.7950435365036839 0.37772397094430993 0.8017414601473544 0.38619854721549635 0.8070997990622907 0.38256658595641646 0.8097789685197588 0.3728813559322034 0.8077695914266577 0.35351089588377727 0.7997320830542531 0.3498789346246973
4 0.8345612860013396 0.3595641646489104 0.8345612860013396 0.3765133171912833 0.8372404554588078 0.38256658595641646 0.8446081714668453 0.38498789346246975 0.8479571332886805 0.3801452784503632 0.8499665103817816 0.36319612590799033 0.8466175485599464 0.35108958837772397 0.8392498325519089 0.3498789346246973
7 0.8044206296048225 0.400726392251816 0.8091091761553918 0.4128329297820823 0.8057602143335566 0.42493946731234866 0.8117883456128601 0.42493946731234866 0.8218352310783658 0.43341404358353514 0.855324849296718 0.4346246973365617 0.8573342263898192 0.4297820823244552 0.8847957133288681 0.45641646489104115 0.8854655056932351 0.46246973365617433 0.8908238446081714 0.463680387409201 0.8935030140656397 0.47336561743341404 0.8975217682518419 0.4721549636803874 0.8941728064300067 0.4600484261501211 0.8573342263898192 0.39951573849878935 0.8492967180174146 0.3983050847457627 0.8425987943737442 0.40314769975786924 0.8235097119892834 0.40314769975786924 0.8171466845277964 0.3983050847457627
7 0.04822505023442733 0.6912832929782082 0.046215673141326186 0.6961259079903148 0.04956463496316142 0.7009685230024213 0.04688546550569324 0.7094430992736077 0.048894842598794376 0.7203389830508474 0.08171466845277964 0.7227602905569007 0.08506363027461487 0.6888619854721549
4 0.8747488278633624 0.37530266343825663 0.8754186202277294 0.39709443099273606 0.8807769591426657 0.4043583535108959 0.8868050904219692 0.4019370460048426 0.8901540522438044 0.3934624697336562 0.8901540522438044 0.37772397094430993 0.8874748827863362 0.3704600484261501 0.8794373744139317 0.36803874092009686
5 0.2203616878767582 0.6573849878934624 0.21969189551239116 0.6803874092009685 0.22304085733422638 0.7033898305084746 0.22638981915606163 0.7082324455205811 0.24648359008707302 0.7082324455205811 0.25184192900200936 0.6694915254237288 0.2511721366376423 0.6573849878934624 0.2451440053583389 0.6452784503631961 0.23107836570663096 0.6440677966101694 0.22505023442732752 0.6476997578692494
3 0.7191895512391159 0.3836319612590799 0.036838580040187544 0.07717917675544794