0 0.173000 0.645455 0.044667 0.709091
0 0.126667 0.767273 0.046667 0.465455
0 0.216667 0.766061 0.045333 0.467879
0 0.326667 0.846667 0.088000 0.306667
0 0.546667 0.845455 0.089333 0.309091
0 0.679333 0.927273 0.088000 0.145455
0 0.921667 0.926061 0.134000 0.147879
1 0.612667 0.888485 0.046667 0.223030
2 0.481667 0.846667 0.042000 0.306667
2 0.083000 0.766667 0.042000 0.466667
0 0.033333 0.806667 0.056000 0.386667
1 0.262333 0.809091 0.044667 0.381818
1 0.394333 0.845455 0.046000 0.309091
0 0.439000 0.885455 0.046000 0.229091
