0 0.090333 0.646061 0.046000 0.707879
0 0.045333 0.766061 0.045333 0.467879
0 0.136333 0.766061 0.044667 0.467879
0 0.245000 0.845455 0.088667 0.309091
0 0.464000 0.846061 0.088000 0.307879
0 0.597333 0.927273 0.089333 0.145455
0 0.838000 0.926667 0.134667 0.146667
0 0.972000 0.886667 0.054667 0.226667
2 0.925000 0.887273 0.040667 0.225455
2 0.398333 0.846061 0.043333 0.307879
1 0.179000 0.809091 0.043333 0.381818
1 0.311000 0.847879 0.043333 0.304242
1 0.530333 0.887273 0.044667 0.225455
0 0.355667 0.887273 0.046000 0.225455
