0 0.155000 0.766667 0.300667 0.466667
0 0.588667 0.684848 0.132000 0.630303
0 0.764667 0.887273 0.044000 0.225455
0 0.481333 0.924848 0.092000 0.150303
0 0.678000 0.926061 0.044000 0.147879
0 0.368667 0.846061 0.050667 0.307879
1 0.323667 0.807879 0.046000 0.384242
1 0.415000 0.887273 0.047333 0.225455
1 0.809000 0.924848 0.046000 0.150303
1 0.981667 0.926667 0.035333 0.146667
2 0.898000 0.926667 0.041333 0.146667
2 0.721667 0.887879 0.044667 0.224242
0 0.855000 0.963636 0.046000 0.072727
0 0.941667 0.926667 0.046000 0.146667
