0 0.115333 0.766061 0.134667 0.467879
0 0.247667 0.846667 0.047333 0.306667
0 0.335000 0.806061 0.050000 0.387879
0 0.425000 0.886061 0.048667 0.227879
0 0.532667 0.926061 0.088000 0.147879
0 0.686667 0.806061 0.220000 0.387879
0 0.906667 0.966061 0.045333 0.067879
0 0.819667 0.927879 0.047333 0.144242
0 0.984667 0.927273 0.029333 0.145455
1 0.864333 0.927273 0.043333 0.145455
2 0.949667 0.927273 0.042000 0.145455
2 0.291000 0.806061 0.039333 0.387879
1 0.203333 0.807879 0.040000 0.384242
1 0.380000 0.848485 0.045333 0.303030
1 0.470333 0.886061 0.042000 0.227879
