1 0.075333 0.809091 0.042667 0.381818
1 0.249667 0.848485 0.044667 0.303030
1 0.339000 0.886667 0.046000 0.226667
1 0.732333 0.927273 0.040667 0.145455
1 0.910333 0.918182 0.046000 0.161212
0 0.029667 0.766061 0.048667 0.467879
0 0.120333 0.846061 0.046000 0.307879
0 0.205000 0.804848 0.047333 0.390303
0 0.294333 0.884848 0.047333 0.230303
0 0.558000 0.806061 0.221333 0.387879
0 0.689000 0.926667 0.046000 0.146667
0 0.403333 0.927273 0.089333 0.145455
0 0.779667 0.963030 0.051333 0.073939
0 0.957333 0.964242 0.048000 0.071515
2 0.160333 0.804848 0.040667 0.390303
2 0.826000 0.923636 0.042667 0.150303
