0 0.113333 0.885455 0.214667 0.229091
0 0.372333 0.886667 0.046000 0.226667
0 0.417333 0.966061 0.050667 0.067879
0 0.484333 0.886061 0.094000 0.227879
0 0.616333 0.887273 0.092667 0.225455
0 0.724667 0.766061 0.133333 0.467879
0 0.834333 0.886061 0.088667 0.227879
0 0.946667 0.924848 0.048000 0.150303
0 0.549667 0.726061 0.047333 0.547879
0 0.285333 0.924242 0.045333 0.151515
2 0.330333 0.886667 0.047333 0.226667
2 0.983667 0.884242 0.032667 0.226667
1 0.899333 0.884848 0.049333 0.230303
1 0.241000 0.884848 0.052667 0.230303
